Tid(T)		lengde =0.6
1.57
1.44
1.51
1.52
1.53
1.60
1.61
1.63
1.67
1.54
1.46
1.53
1.60
1.55
1.52
1.59
1.59
1.62
1.66
1.45
1.60
1.53
1.50
1.60
1.60
1.46
1.59
1.66
1.68
1.61
1.54
1.52
1.52
1.46
1.56
1.65
1.58
1.54
1.60
1.53
1.64
1.62
1.46
1.63
1.50
1.60
1.63
1.51
1.56
1.68
1.61
1.47
1.47
1.63
1.60
1.53
1.59
1.48
1.63
1.51
1.53
1.53
1.70
1.54
1.60
1.56
1.44
1.56
1.59
1.58
1.59
1.50
1.57
1.66
1.56
1.47
1.63
1.58
1.50
1.54
1.62
1.61
1.51
1.51
1.68
1.48
1.50
1.66
1.58
1.59
1.52
1.63
1.48
1.50
1.65
1.43
1.60
1.54
1.65
1.57
1.53
1.59
1.58
1.58